51 51
51 52
51 54
50 55
50 56
49 57
48 59
47 59
46 60
45 61
43 61
42 62
41 62
39 62
38 62
37 61
35 61
34 60
33 59
32 59
31 57
30 56
30 55
29 54
29 52
29 51
29 50
29 48
30 47
30 46
31 45
32 43
33 43
34 42
35 41
37 41
38 40
39 40
41 40
42 40
43 41
45 41
46 42
47 43
48 43
49 45
50 46
50 47
51 48
51 50
44 7
14 9
46 1
68 22
41 89
44 96
33 51
85 36
38 24
61 45
10 82
89 57
13 70
89 65
18 18
99 98
29 72
28 73
96 44
32 58
64 16
4 22
18 35
92 42
31 22
96 23
17 24
61 98
96 98
62 52
67 34
61 38
11 10
66 86
25 10
76 1
53 78
59 44
77 6
27 20
72 57
75 22
64 11
79 11
14 11
72 3
79 42
7 26
5 54
93 82
