51 51
51 52
51 54
50 55
50 56
49 57
48 59
47 59
46 60
45 61
43 61
42 62
41 62
39 62
38 62
37 61
35 61
34 60
33 59
32 59
31 57
30 56
30 55
29 54
29 52
29 51
29 50
29 48
30 47
30 46
31 45
32 43
33 43
34 42
35 41
37 41
38 40
39 40
41 40
42 40
43 41
45 41
46 42
47 43
48 43
49 45
50 46
50 47
51 48
51 50
82 70
75 98
98 21
44 80
55 67
75 55
46 33
96 22
81 38
87 3
82 97
100 24
72 11
67 99
21 62
4 73
63 46
80 52
79 50
36 49
92 46
93 92
13 94
28 38
34 5
98 33
24 58
22 42
65 60
61 52
8 55
24 76
27 4
66 68
14 64
79 69
44 1
98 11
72 79
12 97
